    1     643.67 0.521
    2    1068.50 0.396
    3     350.67 0.608
    4    8725.66 3.602
    5   16186.88 3.858
    6    1619.70 2.818
    7   40943.77 10.854
    8     759.95 0.900
    9    9608.30 4.883
   10    6962.22 1.131
   11   13169.98 2.758
   12    8886.81 5.787
   13    5854.34 2.131
   14    1197.60 1.236
   15    8295.33 4.879
   16    4881.06 3.822
   17   40344.05 11.215
   18   21050.54 3.128
   19   15368.33 8.016
   20    4105.55 1.187
   21   21953.32 3.480
   22    2173.63 1.252
   23   19341.12 4.321
   24    2919.85 1.695
   25     981.52 0.781
   26     267.35 0.520
   27     738.89 0.802
   28   12395.38 6.749
   29    1846.76 0.664
   30   21925.86 7.661
   31    1896.21 1.742
   32    4985.44 2.987
   33    6058.52 1.495
   34   14934.34 8.358
   35    6550.20 2.230
   36   28994.28 8.893
   37    1702.10 1.696
   38    2168.14 3.567
   39   15832.54 3.167
   40   10510.16 2.796
   41   20064.44 6.234
   42   11921.10 2.738
   43     268.27 0.644
   44     423.01 0.444
   45    1386.22 0.845
   46   17503.51 4.123
   47   58269.65 10.987
   48   34167.42 8.164
   49     540.20 0.623
   50    8515.07 3.674
   51    2362.25 1.346
   52   14812.57 3.636
   53    9486.52 5.550
   54    1678.29 0.725
   55    1851.34 0.503
   56    2731.23 0.774
   57    4144.00 1.722
   58   15741.90 3.957
   59    2668.06 1.972
   60    2260.61 1.352
   61   12347.77 5.282
   62    3696.27 0.793
   63   24853.94 5.048
   64    6825.79 1.192
   65    8037.13 3.333
   66    9522.23 3.746
   67   14373.08 8.611
   68    1116.12 1.316
   69    3445.40 5.334
   70    2065.59 0.910
   71    7555.53 3.061
   72    7163.65 4.619
   73    7542.71 2.221
   74   15399.46 12.236
   75    3786.92 5.334
   76    1583.99 0.855
   77    1373.40 0.503
   78    8700.94 5.084
   79    1448.48 0.687
   80     731.56 1.030
   81    1144.50 0.939
   82    2061.01 1.347
   83   16979.79 3.424
   84    1666.39 2.357
   85    8786.09 2.741
   86    7643.42 1.681
   87     544.78 0.941
   88   19179.97 7.204
   89    1596.81 0.624
   90   31514.93 7.326
   91    1776.26 1.938
   92    3949.90 2.613
   93    7167.31 6.344
   94    5708.76 2.020
   95    1264.44 0.435
   96   17826.72 6.080
   97    3268.69 1.231
   98   21688.72 6.776
   99    9091.90 2.404
  100   10278.52 2.711
  101   25387.74 9.792
  102   20785.02 2.700
  103   11913.78 5.550
  104    2520.64 0.568
  105   16879.99 4.767
  106     816.71 0.631
  107     323.21 1.071
  108     805.73 0.841
  109     705.93 1.160
  110    3989.27 1.312
  111   22976.96 3.934
  112    1598.64 5.303
  113    4214.50 8.522
  114    7751.46 0.963
  115   31040.65 6.945
  116     839.60 0.970
  117   12471.38 2.366
  118   18963.89 3.208
  119    6466.88 2.156
  120    2810.89 0.885
  121   17053.95 5.114
  122    1695.69 0.890
  123    1041.95 4.245
  124   16497.27 4.117
  125    5986.19 1.812
  126    6754.38 2.960
  127    5826.87 1.584
  128    1280.01 1.476
  129    8612.13 4.779
  130    3322.71 0.745
  131   13994.94 7.220
  132    8516.90 3.487
  133   10986.28 2.783
  134    3262.28 1.279
  135   11976.04 2.699
  136     191.36 0.912
  137    1188.45 0.499
  138    3839.11 1.233
  139     685.78 0.546
  140    6977.78 3.905
  141   22319.56 6.795
  142   15085.41 5.566
  143    5960.55 7.469
  144   10710.68 7.137
  145    7407.20 1.917
  146    7329.37 2.022
  147     713.25 1.043
  148    7498.76 1.687
  149    2075.66 0.639
  150   22439.51 6.885
  151    5861.67 2.330
  152   14275.11 4.346
  153   23079.51 13.307
  154    3368.49 1.705
  155    5901.95 3.172
  156     843.27 1.130
  157    9522.23 3.201
  158    6790.08 2.923
  159     574.08 3.028
  160    9039.71 6.733
  161    2316.47 1.114
  162   13577.42 3.810
  163   26279.53 6.480
  164    6660.07 1.950
  165   26258.47 4.894
  166    1841.27 0.852
  167    1107.88 1.073
  168   12331.29 2.184
  169   11408.37 1.629
  170    1780.84 1.056
  171   22720.60 4.050
  172    2298.15 5.832
  173    8662.48 2.559
  174    1820.21 2.748
  175    3128.60 1.113
  176     800.23 1.115
  177    1210.42 2.479
  178    3513.15 1.053
  179    2930.83 1.995
  180    1646.25 1.166
  181    2474.86 1.992
  182    2840.19 1.194
  183   22748.06 6.880
  184    6564.85 3.990
  185   10205.27 3.271
  186   12471.38 3.311
  187    1987.77 1.392
  188   45093.26 7.624
  189    3049.86 0.684
  190   18911.70 9.280
  191    2370.49 1.788
  192   11500.84 8.162
  193    2022.56 2.093
  194    9716.34 6.596
  195    4656.74 2.106
  196    5751.79 1.212
  197     625.35 0.568
  198    3002.25 1.448
  199     977.86 0.444
  200    4946.98 3.257
  201   13128.78 2.289
  202   18007.09 3.687
  203   21074.35 9.476
  204    5835.11 1.137
  205    1557.43 5.891
  206    7718.50 1.114
  207    8427.18 2.531
  208    2240.47 2.175
  209    1117.95 0.692
  210   15636.60 5.610
  211    1699.35 0.888
  212   24604.90 5.005
  213    1985.02 8.975
  214    1627.02 1.980
  215   35637.87 9.544
  216    5793.91 1.274
  217   29547.30 5.506
  218    3788.75 2.336
  219    6499.84 4.816
  220    5056.85 1.338
  221     563.09 0.710
  222    7227.74 0.984
  223    7949.23 5.854
  224    5373.65 1.507
  225    4381.14 5.147
  226    1486.02 0.602
  227    4676.88 1.381
  228    5100.80 2.408
  229    7651.66 1.669
  230    1755.20 1.004
  231    7357.76 1.298
  232   32931.36 9.144
  233    6218.75 2.097
  234    3221.99 2.518
  235    6522.73 3.230
  236    5112.71 2.317
  237    9418.77 4.347
  238    9606.47 5.070
  239    2427.25 0.617
  240   25382.24 11.185
  241    4715.34 1.769
  242    2885.97 1.409
  243   13065.60 5.785
  244    5930.34 4.102
  245    4144.92 2.467
  246   16190.54 3.653
  247    7894.30 1.792
  248   14736.57 3.948
  249   10848.94 5.321
  250   47917.89 11.007
  251     805.73 0.381
  252    2225.82 0.706
  253    2029.88 1.314
  254   10535.80 3.432
  255   12966.72 6.207
  256    4402.20 1.581
  257   28701.29 7.818
  258    2194.69 1.310
  259    1857.75 0.650
  260     314.05 1.089
  261    6757.12 2.675
  262   14398.71 4.434
  263   22465.14 10.108
  264    4371.07 1.566
  265   24001.52 8.005
  266    5834.20 1.145
  267   12284.60 2.883
  268    7194.78 4.267
  269    7800.91 2.335
  270     425.75 0.955
  271    4066.18 4.982
  272   19828.22 4.168
  273   14513.16 9.701
  274    4643.00 5.235
  275   31446.26 10.191
  276    3463.71 0.950
  277   14706.36 2.900
  278    4453.47 1.726
  279   24060.12 3.446
  280    2677.21 1.297
  281   16413.03 2.873
  282    6599.64 2.250
  283    1638.92 0.791
  284   19628.62 5.376
  285    1967.62 0.524
  286   19122.29 5.100
  287    9265.86 2.175
  288    4957.05 2.700
  289   10452.48 1.822
  290    1233.31 0.493
  291    6845.02 1.395
  292   29778.04 6.334
  293    6068.59 2.599
  294   18571.10 7.120
  295    1941.07 2.088
  296    4329.87 2.348
  297   15542.30 6.929
  298    9810.65 2.910
  299     920.18 0.862
  300    9339.11 3.947
  301   11110.80 4.307
  302    2068.34 4.915
  303   50743.43 14.630
  304   13192.87 7.725
  305    2278.01 1.968
  306   16107.22 5.107
  307   12107.88 1.717
  308   16341.62 2.599
  309   25448.17 8.188
  310    2971.12 0.751
  311    1697.52 0.846
  312    1848.59 0.914
  313    3221.08 1.838
  314   21671.32 3.043
  315    2632.35 1.426
  316    1752.46 1.446
  317   29683.73 4.946
  318    3542.45 0.830
  319   36479.31 6.846
  320    4283.17 1.542
  321    1110.62 2.579
  322    9909.53 2.759
  323   20754.80 7.039
  324    2462.05 1.864
  325    1760.70 5.405
  326     917.43 1.082
  327    4480.94 3.141
  328    9427.93 4.404
  329    1275.43 1.679
  330   54126.57 15.871
  331    2369.57 2.613
  332     737.06 0.795
  333      42.12 0.550
  334   15712.60 6.045
  335     893.62 2.755
  336    1869.65 1.136
  337     745.30 0.876
  338    4665.89 1.298
  339   11338.78 4.898
  340    4573.42 2.168
  341    8983.86 2.075
  342    1503.41 1.213
  343    3167.97 1.131
  344    5701.44 1.286
  345    3330.03 0.611
  346    5444.15 5.440
  347   12344.11 1.790
  348   21509.26 3.312
  349   16854.35 12.880
  350    4497.42 1.386
  351     481.61 0.530
  352   26388.49 7.530
  353    4821.55 0.986
  354   25397.81 7.130
  355    2345.77 2.897
  356   17773.61 2.851
  357   15281.35 9.467
  358    8736.65 2.717
  359     974.20 0.740
  360    2478.53 0.720
  361   11444.99 3.968
  362    3714.59 4.124
  363    4350.93 1.132
  364      90.64 0.419
  365    2491.35 0.855
  366    3077.33 1.177
  367   21909.38 4.484
  368    9992.85 2.979
  369    2408.94 5.896
  370    4690.62 1.217
  371     758.12 0.846
  372    2647.91 0.739
  373   15176.97 2.315
  374    3025.14 0.944
  375     571.33 1.641
  376    1113.37 1.701
  377    6533.72 4.599
  378    2191.03 1.528
  379   17198.62 5.747
  380   20556.12 3.823
  381    3638.59 1.385
  382    1306.56 3.366
  383    5543.04 1.472
  384    4152.24 1.573
  385    1374.31 6.043
  386    1544.62 1.072
  387    2285.34 5.488
  388    6910.03 4.521
  389    4702.52 2.128
  390   16131.94 4.526
  391    8203.77 1.875
  392    2383.30 1.056
  393     503.58 0.559
  394   47238.51 8.778
  395    1803.73 0.505
  396   18667.24 4.637
  397    5152.99 1.524
  398   27735.33 3.594
  399   29870.51 7.289
  400   15354.60 5.978
  401    8947.24 2.433
  402    2851.18 1.624
  403     669.30 0.857
  404    2798.99 1.818
  405    1833.03 0.757
  406    6039.29 5.163
  407    3987.43 0.726
  408    1968.54 3.348
  409   11990.69 8.841
  410    7804.57 1.737
  411    1714.00 0.761
  412    6392.71 1.290
  413    5011.99 3.658
  414   12581.25 3.335
  415   13511.50 3.006
  416    1214.08 3.984
  417   41914.30 9.353
  418    4903.03 1.293
  419   28912.79 6.396
  420    7704.77 1.913
  421   27531.15 4.691
  422    1360.58 0.533
  423    4282.26 1.125
  424     399.20 0.390
  425    4879.23 1.027
  426    3722.83 1.225
  427    2267.02 0.988
  428    6535.55 6.596
  429   23002.60 2.427
  430    5596.14 2.322
  431   12251.63 2.795
  432    3086.49 0.774
  433   41643.29 6.410
  434    1254.37 0.832
  435    1586.73 1.805
  436    1075.83 1.287
  437    9714.51 1.655
  438    3104.80 1.781
  439   21349.94 5.119
  440   10141.18 3.077
  441    7059.27 3.612
  442   12977.70 3.942
  443    5658.40 1.640
  444   12748.80 2.714
  445    2372.32 0.790
  446   54237.35 11.826
  447    2019.81 2.022
  448    7359.59 3.263
  449    1461.30 0.257
  450   15238.32 3.227
  451    5224.41 1.221
  452    1734.15 1.173
  453    4032.30 0.873
  454    4559.68 0.970
  455    1665.48 0.690
  456   21748.23 4.510
  457    4925.01 2.521
  458   21806.83 3.249
  459   31038.82 7.701
  460    3037.96 0.607
  461   13491.36 4.665
  462    6118.95 0.804
  463    5964.21 2.196
  464   17584.08 2.478
  465    1839.44 0.632
  466   18144.43 6.273
  467    3388.63 0.753
  468    6627.11 2.678
  469    2668.06 5.144
  470   10649.34 1.075
  471   17832.21 5.426
  472    2708.34 0.649
  473   20385.82 1.645
  474   12728.66 1.384
  475   12475.96 3.871
  476   35309.17 10.295
  477     557.60 0.257
  478    2720.25 0.833
  479    7099.56 4.619
  480    6034.71 0.856
  481   10228.16 3.549
  482    3437.16 0.305
  483   12817.47 3.345
  484    3469.21 1.195
  485    5278.43 1.069
  486    2339.36 1.397
  487    2740.39 1.000
  488   13016.16 5.567
  489    1420.09 1.405
  490    4735.48 1.052
  491    7063.85 1.506
  492    4593.56 1.113
  493     377.23 0.247
  494   11499.01 1.709
  495    4327.12 0.438
  496   10741.81 3.481
  497    5328.79 1.541
  498    4184.29 0.957
  499    2252.37 2.872
