    1     648.24 0.363
    2    1064.84 0.370
    3     350.67 0.476
    4    8485.77 2.757
    5   16320.56 1.578
    6    1581.24 2.370
    7   40923.63 5.455
    8     723.32 0.611
    9    9924.18 3.550
   10    6942.07 0.718
   11   13274.36 1.679
   12    8369.49 2.826
   13    5862.58 1.277
   14    1151.82 0.684
   15    8374.07 3.198
   16    5198.77 2.880
   17   42284.21 6.712
   18   20952.57 1.311
   19   14828.13 8.078
   20    4114.70 0.663
   21   21126.54 2.135
   22    2148.91 0.865
   23   19855.69 2.131
   24    2842.02 1.094
   25    1014.48 0.698
   26     260.95 0.297
   27     748.04 0.656
   28   12098.73 3.141
   29    1863.24 0.476
   30   20670.57 3.515
   31    1965.79 1.272
   32    5040.37 2.912
   33    6219.67 0.882
   34   15668.65 6.491
   35    5407.53 0.843
   36   28574.94 4.340
   37    1741.47 1.318
   38    2294.49 2.105
   39   14817.14 1.575
   40   10076.17 1.391
   41   18148.09 3.268
   42   11772.78 1.804
   43     266.44 0.547
   44     422.09 0.414
   45    1435.66 0.933
   46   18220.43 2.848
   47   56312.10 6.654
   48   35631.46 5.562
   49     509.07 0.331
   50    8488.52 3.231
   51    2262.45 1.064
   52   14340.12 1.849
   53    8471.12 4.660
   54    1598.64 0.608
   55    1842.19 0.294
   56    2449.23 0.549
   57    3752.13 1.254
   58   15324.39 1.987
   59    2647.91 1.363
   60    2247.80 0.812
   61   11727.00 2.657
   62    3601.97 0.520
   63   24073.85 3.247
   64    6358.84 0.793
   65    8484.86 1.824
   66    9671.48 2.809
   67   14787.84 5.842
   68    1109.71 0.962
   69    3516.82 4.565
   70    2035.38 0.765
   71    7648.00 1.728
   72    7400.79 2.914
   73    7478.61 1.198
   74   13503.26 7.412
   75    3467.37 3.397
   76    1524.47 0.712
   77    1331.28 0.411
   78    8212.01 3.832
   79    1461.30 0.429
   80     720.58 0.594
   81    1107.88 0.683
   82    1970.37 0.961
   83   16408.45 2.258
   84    1016.32 1.681
   85    8990.27 1.449
   86    7874.15 1.315
   87     480.69 0.736
   88   16833.29 3.338
   89    1594.06 0.441
   90   30839.22 3.580
   91    1628.85 1.186
   92    3688.03 1.324
   93    7394.38 5.852
   94    5454.22 1.139
   95    1224.16 0.488
   96   17652.75 4.914
   97    3351.09 1.342
   98   21463.48 4.681
   99    8999.43 1.655
  100   10133.85 1.625
  101   26084.51 6.636
  102   20794.18 1.683
  103   11806.65 3.595
  104    2468.46 0.385
  105   15624.70 2.628
  106     820.38 0.525
  107     346.10 0.766
  108     807.56 0.509
  109     687.62 0.976
  110    3953.56 0.822
  111   21946.91 2.586
  112    1894.37 1.916
  113    3102.97 5.211
  114    8036.21 0.715
  115   31578.10 5.168
  116     774.60 0.572
  117   12461.31 1.286
  118   18435.59 1.874
  119    6289.25 1.305
  120    2745.88 0.849
  121   16847.94 3.196
  122    1518.98 0.519
  123    1057.52 3.088
  124   16359.01 2.924
  125    6418.35 0.932
  126    6931.09 2.611
  127    6072.25 1.089
  128    1205.84 0.956
  129    7567.43 4.975
  130    3316.30 0.659
  131   13203.86 3.858
  132    8462.88 3.446
  133   11548.45 1.205
  134    3283.34 0.708
  135   11688.54 1.263
  136     190.44 0.633
  137    1204.93 0.440
  138    3921.51 0.631
  139     689.45 0.399
  140    6978.70 1.799
  141   22858.85 4.893
  142   14342.86 1.957
  143    5418.52 5.212
  144   10388.39 4.553
  145    7780.76 1.408
  146    7346.77 1.155
  147     729.73 0.755
  148    7490.52 1.368
  149    2049.11 0.519
  150   21301.42 3.812
  151    5478.95 1.029
  152   14707.27 2.463
  153   22854.27 5.983
  154    3273.27 1.480
  155    6118.95 2.362
  156     782.84 0.757
  157    9638.51 1.838
  158    6741.56 2.296
  159     540.20 2.279
  160    8441.83 4.446
  161    2364.08 0.779
  162   12217.76 1.794
  163   26679.65 3.920
  164    7006.17 0.962
  165   25501.27 2.655
  166    1821.13 0.478
  167    1059.35 0.974
  168   12112.46 1.284
  169   11414.78 0.873
  170    1708.51 0.733
  171   23030.98 2.405
  172    2314.63 4.121
  173    8756.79 1.654
  174    1817.46 2.119
  175    3232.98 0.888
  176     801.15 0.533
  177    1456.72 1.382
  178    3442.65 0.606
  179    2506.00 1.473
  180    1319.38 0.779
  181    2369.57 1.256
  182    2915.27 1.056
  183   22760.88 3.837
  184    6237.98 2.642
  185   10123.78 1.787
  186   13411.70 2.144
  187    1977.69 1.061
  188   43715.29 4.541
  189    3005.91 0.459
  190   19223.01 5.368
  191    2202.02 1.778
  192   10798.58 3.337
  193    1757.95 1.267
  194    8470.21 4.041
  195    4873.73 1.514
  196    5584.24 0.788
  197     630.85 0.350
  198    2846.60 0.966
  199     954.97 0.425
  200    4831.62 1.943
  201   13895.13 1.898
  202   16216.18 2.105
  203   22632.70 5.531
  204    5793.91 0.438
  205    1457.63 4.424
  206    7984.94 0.652
  207    8321.88 1.510
  208    2004.25 1.217
  209    1118.86 0.469
  210   15604.56 3.808
  211    1602.30 0.535
  212   26275.87 2.432
  213    1787.25 6.813
  214    1423.76 1.296
  215   35495.04 5.988
  216    5416.69 0.723
  217   30485.79 2.014
  218    3781.43 2.262
  219    5592.48 2.201
  220    4793.16 0.922
  221     553.02 0.630
  222    7100.47 0.676
  223    8169.89 4.091
  224    5431.33 1.043
  225    4873.73 2.580
  226    1257.12 0.494
  227    4837.11 0.998
  228    4741.89 1.646
  229    7897.96 0.753
  230    1738.72 0.683
  231    7103.22 0.855
  232   32495.53 4.622
  233    6129.94 1.457
  234    3217.42 1.868
  235    6003.58 1.736
  236    4858.17 1.407
  237    9103.80 2.838
  238    9911.36 4.171
  239    2499.59 0.512
  240   25547.05 5.951
  241    4234.65 1.210
  242    2822.79 0.928
  243   13679.05 3.808
  244    6244.39 2.893
  245    4051.53 1.786
  246   16062.36 2.617
  247    7309.23 1.082
  248   14410.62 1.982
  249   10450.65 3.966
  250   47743.01 5.403
  251     779.17 0.446
  252    2233.15 0.503
  253    2070.17 1.259
  254   10007.50 1.864
  255   12430.18 4.235
  256    4154.99 1.194
  257   28103.40 5.390
  258    2164.48 0.956
  259    1827.54 0.521
  260     345.18 0.840
  261    6835.86 1.752
  262   14439.00 2.228
  263   22524.66 5.250
  264    4554.19 1.346
  265   22672.07 3.424
  266    5672.14 0.643
  267   11945.82 1.410
  268    7122.45 3.611
  269    7753.29 1.122
  270     377.23 0.891
  271    3941.65 3.390
  272   20380.32 2.442
  273   14484.78 5.695
  274    4450.73 3.605
  275   31752.98 6.322
  276    3312.64 0.730
  277   14953.57 2.273
  278    4626.52 0.838
  279   24274.37 2.052
  280    2730.32 0.911
  281   15046.04 1.623
  282    6699.44 0.936
  283    1584.90 0.425
  284   18222.26 3.799
  285    1914.52 0.367
  286   18795.42 3.739
  287    9466.38 1.430
  288    5118.20 1.877
  289   10730.82 0.880
  290    1210.42 0.416
  291    6931.09 0.819
  292   28667.41 4.882
  293    6227.91 1.900
  294   18409.04 4.618
  295    1773.52 1.871
  296    4435.16 1.581
  297   15812.40 3.520
  298    9127.61 1.508
  299     897.29 0.614
  300    9232.90 2.242
  301   11090.65 2.531
  302    1569.34 3.106
  303   52900.58 6.298
  304   12861.42 6.708
  305    2223.99 1.788
  306   15914.03 2.828
  307   12388.97 0.940
  308   16584.25 1.748
  309   26933.27 3.829
  310    2906.11 0.581
  311    1826.62 0.653
  312    1724.99 0.488
  313    3343.77 1.276
  314   21725.34 1.744
  315    2392.46 1.183
  316    1751.54 0.866
  317   31264.05 2.798
  318    3546.12 0.569
  319   36627.63 2.731
  320    3837.28 0.689
  321     726.07 1.611
  322    9967.21 2.276
  323   21800.42 5.705
  324    2483.11 1.004
  325    1875.15 3.877
  326     846.01 0.777
  327    4257.54 1.661
  328    8178.13 3.170
  329     837.77 1.112
  330   53835.41 8.180
  331    1743.30 1.573
  332     717.83 0.727
  333      39.37 0.416
  334   16274.78 3.026
  335     987.93 2.073
  336    1864.16 0.732
  337     739.80 0.570
  338    4685.12 1.000
  339   10512.91 2.380
  340    4656.74 1.533
  341    8893.22 1.430
  342    1423.76 1.490
  343    2967.46 0.499
  344    5706.01 1.076
  345    3339.19 0.497
  346    5772.85 3.825
  347   12531.81 1.413
  348   21043.22 2.404
  349   14742.06 5.696
  350    4636.59 1.197
  351     508.16 0.368
  352   26619.22 4.738
  353    4701.60 0.566
  354   27164.92 4.949
  355    2375.06 2.190
  356   17686.63 1.465
  357   15295.09 7.258
  358    8651.50 1.746
  359     956.80 0.505
  360    2471.20 0.457
  361   11105.30 2.946
  362    2983.02 2.859
  363    4377.48 0.668
  364      88.81 0.422
  365    2376.90 0.639
  366    3162.48 0.878
  367   21117.38 2.384
  368    9286.01 1.945
  369    2348.51 5.590
  370    4962.55 0.696
  371     781.01 0.577
  372    2567.34 0.622
  373   14689.87 1.176
  374    3000.42 0.593
  375     562.18 1.525
  376    1024.56 1.163
  377    6555.69 3.583
  378    2261.53 1.001
  379   17046.63 3.169
  380   20173.40 2.330
  381    3638.59 0.879
  382    1349.59 2.093
  383    5343.44 1.070
  384    4046.03 0.973
  385    1398.12 3.732
  386    1426.50 0.851
  387    2619.53 4.641
  388    6655.49 3.412
  389    5208.84 1.214
  390   16133.78 3.204
  391    8281.60 1.314
  392    2397.95 0.779
  393     455.97 0.492
  394   47437.20 6.316
  395    1877.89 0.404
  396   19153.42 1.580
  397    5197.86 1.148
  398   27281.20 2.182
  399   30199.21 4.333
  400   14516.83 4.690
  401    8813.56 1.589
  402    2817.30 1.277
  403     553.94 0.724
  404    2969.29 1.164
  405    1866.91 0.468
  406    6253.54 4.558
  407    3959.05 0.472
  408    1849.51 2.656
  409   11058.61 6.380
  410    8013.32 1.162
  411    1659.07 0.718
  412    6231.57 0.725
  413    4771.19 1.750
  414   12605.97 2.462
  415   13536.22 2.271
  416    1459.47 3.386
  417   41947.27 5.061
  418    5003.75 0.878
  419   28050.30 3.761
  420    7900.71 1.081
  421   25512.26 2.816
  422    1356.92 0.532
  423    4439.74 0.795
  424     388.21 0.476
  425    4607.30 0.703
  426    3612.04 0.796
  427    2246.88 0.603
  428    6403.70 5.556
  429   22797.51 1.393
  430    5581.49 1.740
  431   12602.31 1.447
  432    2960.13 0.501
  433   39929.28 3.382
  434    1238.81 0.773
  435    1586.73 1.620
  436    1053.85 0.825
  437    9857.34 0.988
  438    2931.75 0.842
  439   21006.59 3.326
  440    9969.96 2.275
  441    7156.32 2.182
  442   12727.75 2.415
  443    5703.27 1.070
  444   12280.02 1.771
  445    2430.00 0.503
  446   56433.88 4.248
  447    1985.02 1.153
  448    6476.95 2.495
  449    1464.96 0.198
  450   15239.23 2.309
  451    5020.23 0.672
  452    1571.17 0.860
  453    4187.95 0.631
  454    4545.95 0.713
  455    1735.06 0.378
  456   20801.50 1.896
  457    5014.74 2.104
  458   22558.54 2.092
  459   31036.98 3.774
  460    2833.78 0.304
  461   13769.70 2.157
  462    6026.47 0.380
  463    6151.91 1.424
  464   17290.18 1.180
  465    1976.78 0.536
  466   17820.31 3.973
  467    3352.92 0.537
  468    6474.20 2.705
  469    2641.50 3.845
  470   11107.13 0.666
  471   15054.28 3.914
  472    2632.35 0.455
  473   20721.84 0.977
  474   12583.08 0.909
  475   12166.48 2.452
  476   34035.57 8.135
  477     535.63 0.234
  478    2587.48 1.006
  479    7179.21 2.218
  480    5899.21 0.422
  481   10572.42 1.557
  482    3299.82 0.203
  483   12771.69 1.434
  484    3375.81 1.022
  485    5230.82 0.874
  486    2292.66 0.846
  487    2755.95 0.794
  488   12549.20 5.242
  489    1366.07 1.612
  490    4662.23 1.131
  491    6901.79 0.875
  492    4632.93 1.017
  493     281.09 0.240
  494   11348.85 0.733
  495    4366.49 0.258
  496   10631.94 2.591
  497    5023.89 1.021
  498    4210.84 0.748
  499    2176.38 2.482
