    1     682.12 3.525
    2    1061.18 1.255
    3     352.51 3.644
    4    7224.99 6.589
    5   15521.24 7.071
    6    1392.63 4.859
    7   39971.40 7.634
    8     710.51 7.416
    9    9459.06 8.000
   10    6640.84 9.230
   11   13350.35 10.897
   12    9414.19 4.778
   13    5824.13 4.370
   14    1041.95 6.117
   15    7313.81 7.850
   16    3850.09 7.513
   17   39920.13 8.411
   18   20781.36 8.336
   19   14241.23 12.476
   20    4068.92 8.965
   21   20128.53 18.996
   22    2434.58 16.514
   23   18914.45 4.780
   24    2721.16 4.152
   25     990.68 6.078
   26     257.28 6.307
   27     728.82 4.157
   28   12425.60 5.762
   29    1729.57 5.827
   30   21726.26 9.792
   31    1901.70 6.897
   32    4664.06 10.283
   33    5393.80 14.514
   34   15035.97 4.777
   35    6225.16 3.934
   36   29537.23 7.261
   37    1691.11 7.243
   38    2362.25 5.829
   39   14656.91 6.263
   40   10474.46 6.848
   41   17790.09 8.631
   42   11604.31 9.739
   43     222.49 8.048
   44     385.47 17.904
   45    1368.82 4.780
   46   17711.35 4.809
   47   56489.73 7.161
   48   35174.58 8.848
   49     488.01 4.702
   50    7660.82 7.055
   51    2302.73 8.644
   52   13698.28 8.413
   53    9069.01 11.631
   54    1589.48 14.005
   55    1833.95 17.722
   56    2671.72 3.758
   57    4154.99 2.906
   58   15166.90 4.080
   59    2571.92 6.819
   60    2255.12 6.445
   61   11734.32 5.651
   62    3547.95 5.989
   63   24205.70 9.982
   64    6431.17 8.904
   65    8548.95 9.580
   66    8587.41 16.699
   67   13916.19 4.779
   68     893.62 3.805
   69    3229.32 6.754
   70    1855.92 6.459
   71    8103.97 5.313
   72    7268.94 6.448
   73    7271.69 7.011
   74   15148.59 10.386
   75    3527.80 10.932
   76    1613.29 11.265
   77    1411.85 13.446
   78    7832.95 4.777
   79    1411.85 3.731
   80     643.67 4.411
   81    1036.46 4.251
   82    1898.95 6.220
   83   15940.58 5.813
   84    1490.60 6.763
   85    9154.16 8.339
   86    7548.20 8.461
   87     518.23 8.914
   88   18029.07 15.863
   89    1622.44 3.754
   90   30364.02 3.520
   91    1834.86 4.551
   92    2943.65 8.470
   93    7522.56 5.834
   94    5534.80 5.298
   95    1106.96 5.318
   96   15881.07 9.252
   97    3104.80 8.501
   98   21906.63 11.831
   99    8646.00 17.484
  100   10510.16 4.487
  101   26086.34 4.450
  102   19625.87 6.217
  103   11234.40 6.561
  104    2467.54 4.892
  105   16552.20 5.837
  106     784.67 6.030
  107     243.55 7.570
  108     785.58 8.268
  109     747.13 9.931
  110    3792.41 14.378
  111   23759.80 4.776
  112    2483.11 4.077
  113    2984.85 7.513
  114    7543.62 6.424
  115   30330.14 5.827
  116     892.71 5.839
  117   12117.96 8.210
  118   18475.88 8.459
  119    5936.75 11.065
  120    2262.45 15.528
  121   16210.69 20.494
  122    1648.08 4.777
  123    1010.82 4.369
  124   15391.22 6.844
  125    5654.74 5.564
  126    6584.07 5.099
  127    5884.56 5.972
  128    1060.26 8.068
  129    8522.40 8.109
  130    3031.55 7.650
  131   13791.67 12.045
  132    8327.38 21.954
  133   10370.08 15.589
  134    3268.69 19.046
  135   12259.87 15.156
  136     231.65 13.792
  137    1135.34 12.584
  138    3882.14 12.495
  139     656.48 12.603
  140    7116.04 15.251
  141   21634.70 22.011
  142   14826.30 18.118
  143    6225.16 17.982
  144   10761.04 23.471
  145    7536.30 14.687
  146    6797.41 15.292
  147     715.08 13.465
  148    7366.91 14.905
  149    2002.42 13.117
  150   20990.11 18.734
  151    5768.28 17.320
  152   13689.12 16.317
  153   23400.89 19.480
  154    3160.65 2.480
  155    6031.05 21.915
  156     685.78 14.772
  157    9723.66 13.767
  158    6700.36 15.918
  159     555.77 16.513
  160    8578.25 15.483
  161    2267.94 16.381
  162   13565.52 18.298
  163   26396.73 18.362
  164    6760.79 13.692
  165   25005.02 3.134
  166    1926.42 15.472
  167    1171.97 14.838
  168   12041.96 14.489
  169   10713.43 17.054
  170    1695.69 12.350
  171   22335.13 17.275
  172    1658.15 17.885
  173    8443.66 19.637
  174    1556.52 16.284
  175    3001.33 16.938
  176     895.46 5.294
  177    1374.31 20.909
  178    3427.09 12.701
  179    2888.72 13.721
  180    1531.80 14.604
  181    2446.48 13.466
  182    2901.53 15.459
  183   20631.20 18.391
  184    6464.13 19.054
  185    9065.35 16.320
  186   11443.16 18.541
  187    2016.15 2.874
  188   44781.96 20.214
  189    2750.46 13.881
  190   18004.34 17.191
  191    2104.05 14.121
  192   11868.00 18.926
  193    1906.28 15.275
  194    8598.39 20.569
  195    4970.79 15.360
  196    5530.22 16.019
  197     588.73 9.600
  198    2825.54 2.091
  199     981.52 16.884
  200    4701.60 13.024
  201   13084.83 14.837
  202   17162.91 16.282
  203   22933.02 18.369
  204    5929.42 14.704
  205    1322.13 20.989
  206    7692.87 14.715
  207    8526.06 15.066
  208    2027.14 13.770
  209    1088.65 2.020
  210   16615.38 18.845
  211    1709.42 13.116
  212   24929.02 17.455
  213    2055.52 17.019
  214    1735.98 16.030
  215   35232.26 19.300
  216    5315.05 17.595
  217   29800.01 18.321
  218    3509.49 17.890
  219    6283.76 4.380
  220    4492.85 1.940
  221     520.98 13.320
  222    6681.13 13.632
  223    7550.95 15.861
  224    4847.18 13.654
  225    4919.51 14.942
  226    1377.98 12.556
  227    4590.81 15.343
  228    4938.74 19.807
  229    7553.69 15.057
  230    1639.84 14.486
  231    7134.35 6.636
  232   31529.58 16.684
  233    6259.04 14.241
  234    2784.34 16.578
  235    6005.42 15.578
  236    5001.92 14.731
  237    8891.38 20.004
  238    9412.36 19.153
  239    2498.67 12.971
  240   24853.03 17.389
  241    4622.86 2.185
  242    2493.18 1.796
  243   12364.25 14.227
  244    5646.50 13.892
  245    3752.13 16.672
  246   15727.25 15.687
  247    7518.90 14.216
  248   14675.23 17.689
  249   10610.88 21.162
  250   45860.54 19.123
  251     706.84 13.436
  252    2233.15 2.434
  253    2072.00 1.785
  254   10085.33 15.112
  255   11948.57 17.452
  256    3863.83 12.657
  257   28449.50 20.561
  258    2234.06 15.823
  259    1894.37 15.673
  260     287.50 15.437
  261    6049.36 16.699
  262   14209.19 11.673
  263   22182.22 2.419
  264    4232.82 1.796
  265   22445.00 2.584
  266    5753.63 1.767
  267   11171.23 1.501
  268    6423.84 1.656
  269    8086.57 1.259
  270     364.41 1.252
  271    3775.93 1.480
  272   21002.02 1.253
  273   13353.10 1.338
  274    3796.99 1.162
  275   28197.71 1.286
  276    3290.66 1.902
  277   14591.91 1.859
  278    4317.05 1.459
  279   23564.78 1.400
  280    2659.82 1.328
  281   15816.98 1.284
  282    6016.40 1.190
  283    1480.52 1.037
  284   19410.70 1.094
  285    1881.56 0.937
  286   17960.40 1.230
  287    8766.86 2.036
  288    4887.47 1.751
  289   10002.01 1.168
  290    1235.14 1.214
  291    6760.79 1.300
  292   28380.83 1.400
  293    4790.42 1.299
  294   16693.21 1.615
  295    1682.87 1.254
  296    4032.30 0.962
  297   14384.98 1.270
  298    9381.23 2.043
  299     911.94 1.489
  300    9423.35 1.535
  301   11642.76 1.327
  302    1759.78 1.597
  303   47789.70 1.565
  304   12047.46 1.481
  305    1966.71 1.254
  306   15136.69 1.249
  307   12335.87 1.102
  308   15940.58 1.150
  309   25442.67 2.153
  310    2763.28 1.580
  311    1662.73 1.236
  312    1586.73 1.214
  313    3077.33 1.321
  314   20622.04 1.130
  315    2099.47 1.299
  316    1626.10 1.042
  317   30946.34 1.203
  318    3578.16 1.093
  319   34646.28 1.217
  320    4303.32 1.653
  321    1256.20 1.563
  322    9533.22 1.449
  323   19711.02 1.911
  324    2240.47 1.353
  325    1958.47 1.491
  326     881.72 1.341
  327    4416.85 1.265
  328    8949.07 1.325
  329    1353.26 1.210
  330   53302.53 1.470
  331    2264.28 1.739
  332     743.47 1.542
  333      44.86 1.051
  334   16129.20 1.441
  335     841.44 1.434
  336    1963.96 0.996
  337     794.74 1.176
  338    4226.41 1.102
  339   11148.34 1.208
  340    3791.50 1.173
  341    8890.47 1.189
  342    1223.24 1.922
  343    2968.37 1.505
  344    5402.95 1.471
  345    3336.44 1.296
  346    6513.57 1.449
  347   12270.86 1.169
  348   21289.51 1.424
  349   16285.76 1.484
  350    4025.89 1.026
  351     504.50 0.965
  352   24082.09 1.206
  353    4747.38 1.454
  354   25996.61 1.805
  355    2121.44 1.348
  356   18630.61 1.334
  357   16392.89 1.595
  358    7969.38 1.297
  359     672.05 1.008
  360    2341.19 0.957
  361   11528.31 1.304
  362    3589.15 1.241
  363    4084.49 1.086
  364      86.98 1.408
  365    2091.23 1.254
  366    3127.69 1.259
  367   21308.74 1.503
  368    9589.99 1.281
  369    2015.23 1.549
  370    4629.27 0.972
  371     749.88 1.004
  372    2554.52 0.732
  373   15054.28 1.134
  374    2825.54 0.939
  375     395.54 1.496
  376     931.16 1.348
  377    3975.53 1.320
  378    2286.25 1.304
  379   18123.37 1.450
  380   18691.04 1.333
  381    3325.46 0.989
  382    1225.99 1.191
  383    5795.74 1.030
  384    3891.30 1.070
  385    1504.33 1.200
  386    1446.65 1.382
  387    2675.38 1.608
  388    6467.79 1.430
  389    4860.00 1.060
  390   16032.14 1.490
  391    8027.97 1.106
  392    2207.51 1.107
  393     481.61 0.964
  394   45235.18 1.322
  395    1730.48 0.926
  396   18602.23 1.080
  397    5047.70 1.343
  398   27455.16 1.191
  399   29626.96 1.334
  400   13028.06 1.092
  401    8735.73 0.840
  402    2722.99 0.871
  403     659.23 0.791
  404    2870.40 2.202
  405    1950.23 0.579
  406    5414.85 0.814
  407    3883.06 0.482
  408    1729.57 1.026
  409   12474.12 1.149
  410    7790.83 1.047
  411    1676.46 0.706
  412    6361.58 0.645
  413    5029.39 0.750
  414   11971.46 0.861
  415   12365.17 0.916
  416    1686.53 0.952
  417   40627.89 1.734
  418    5191.45 0.764
  419   27437.76 1.258
  420    7182.88 0.910
  421   26183.39 0.886
  422    1295.57 0.789
  423    3883.06 0.781
  424     366.24 0.695
  425    4820.63 0.593
  426    3642.25 0.805
  427    2250.54 2.128
  428    5373.65 0.968
  429   22570.44 0.705
  430    5066.93 1.141
  431   12686.54 0.975
  432    2948.23 0.921
  433   39142.79 0.919
  434    1205.84 0.855
  435    1486.02 0.941
  436     965.04 0.802
  437    9373.91 1.312
  438    3045.28 1.481
  439   19191.88 0.680
  440   10167.73 0.649
  441    6769.03 1.015
  442   12230.58 1.112
  443    5465.21 1.667
  444   12350.52 0.910
  445    2234.98 0.756
  446   55267.40 0.946
  447    2295.41 1.350
  448    7086.74 1.680
  449    1454.89 0.619
  450   13524.32 0.697
  451    4866.41 0.386
  452    1703.93 0.901
  453    3851.01 1.006
  454    4339.94 0.858
  455    1548.28 0.797
  456   21083.50 0.959
  457    4779.43 0.838
  458   22450.49 0.773
  459   31634.87 0.870
  460    2967.46 1.566
  461   12380.73 0.847
  462    5380.06 0.615
  463    5853.43 1.006
  464   17766.29 1.233
  465    1881.56 0.834
  466   18106.89 0.920
  467    3247.63 0.749
  468    6250.80 0.794
  469    2636.01 1.533
  470   10782.10 0.972
  471   16073.35 0.967
  472    2589.31 0.620
  473   19969.22 0.536
  474   12513.50 0.864
  475   10883.73 0.894
  476   34526.33 1.056
  477     534.71 0.775
  478    2603.05 0.790
  479    7018.07 0.817
  480    5959.64 0.680
  481    9987.36 1.678
  482    3296.16 0.696
  483   13855.76 0.734
  484    3406.94 0.637
  485    4847.18 1.519
  486    2382.39 0.745
  487    2716.58 0.822
  488   11829.54 0.943
  489    1500.67 0.765
  490    4427.84 0.788
  491    7246.05 1.734
  492    4143.09 0.703
  493     362.58 0.651
  494   11651.00 0.558
  495    4139.42 0.377
  496   10457.06 1.448
  497    5264.70 0.820
  498    4048.78 0.846
  499    2779.76 0.870
