    1     589.00 0.887
    2    1114.40 0.929
    3     363.84 2.294
    4    8725.77 9.534
    5   14702.28 10.902
    6    1629.09 2.696
    7   41684.35 11.017
    8     763.34 1.755
    9   10434.44 4.986
   10    6763.74 2.784
   11   11726.38 7.035
   12    9127.43 8.192
   13    6163.41 5.408
   14    1145.41 2.284
   15    8578.99 9.217
   16    5271.13 8.671
   17   42473.53 18.153
   18   21218.58 4.222
   19   16118.79 3.233
   20    4360.70 4.833
   21   21329.29 15.227
   22    2084.82 3.652
   23   19461.98 13.844
   24    2892.04 3.595
   25    1075.17 3.266
   26     257.16 0.884
   27     868.19 3.123
   28   10617.82 16.020
   29    1952.46 1.700
   30   21205.14 23.188
   31    1771.80 2.058
   32    5198.94 3.357
   33    6089.45 4.143
   34   16425.45 23.888
   35    6519.05 2.327
   36   27972.66 34.634
   37    1826.88 6.382
   38    2758.10 2.620
   39   16136.91 6.545
   40   10555.23 12.204
   41   19762.60 14.618
   42   11869.78 8.639
   43     267.04 1.589
   44     428.38 1.855
   45    1452.47 2.612
   46   17761.58 9.283
   47   57522.80 33.269
   48   36308.92 4.363
   49     532.51 1.475
   50    8928.67 8.758
   51    2541.70 5.942
   52   14968.21 5.813
   53    9119.59 22.532
   54    1673.57 2.181
   55    1922.29 1.026
   56    2567.41 5.017
   57    4431.10 4.130
   58   13719.99 5.647
   59    2700.92 1.472
   60    2503.27 4.176
   61   12563.86 21.336
   62    3922.91 1.075
   63   24990.27 23.083
   64    6931.49 2.964
   65    8744.56 5.456
   66   10025.03 3.229
   67   15124.85 17.804
   68    1140.64 2.405
   69    3556.58 11.392
   70    2165.32 2.064
   71    8120.42 5.202
   72    7554.66 5.167
   73    7248.72 5.615
   74   17058.44 34.016
   75    3994.06 19.687
   76    1671.92 3.465
   77    1387.13 1.683
   78    8900.18 6.004
   79    1522.09 0.604
   80     753.45 0.973
   81    1107.17 1.532
   82    2088.34 2.204
   83   16212.13 20.971
   84    1829.81 2.353
   85    9128.49 8.088
   86    8099.90 1.772
   87     626.43 2.127
   88   17896.30 27.900
   89    1481.22 1.370
   90   33078.02 5.380
   91    2006.53 6.545
   92    3534.62 8.308
   93    7592.39 37.410
   94    5599.81 6.505
   95    1314.15 1.151
   96   18355.99 21.498
   97    3359.81 2.346
   98   22383.63 24.467
   99    9447.97 2.227
  100   11175.28 5.044
  101   27525.03 24.348
  102   21305.44 4.467
  103   11806.63 22.451
  104    2649.81 1.275
  105   16890.54 15.375
  106     846.86 0.829
  107     316.44 2.033
  108     889.61 2.656
  109     749.96 1.211
  110    3766.93 4.546
  111   24537.97 16.183
  112    2543.14 4.342
  113    4555.11 7.273
  114    8375.33 3.076
  115   31925.43 8.670
  116     928.97 2.410
  117   12730.62 7.223
  118   20171.68 2.098
  119    6482.83 3.186
  120    2888.79 1.972
  121   17667.26 10.107
  122    1716.58 2.727
  123     938.13 8.091
  124   17073.68 2.714
  125    5982.53 6.990
  126    6805.54 7.361
  127    6368.56 3.256
  128    1320.86 3.030
  129    8314.21 15.994
  130    3340.12 2.928
  131   14449.57 30.573
  132    8176.01 19.328
  133   12122.58 3.278
  134    3323.86 1.672
  135   12310.08 8.196
  136     265.81 1.100
  137    1242.20 1.076
  138    3941.80 1.279
  139     708.05 0.795
  140    7298.49 13.494
  141   22988.87 23.580
  142   15647.08 14.460
  143    6756.42 20.294
  144   10219.41 6.295
  145    7696.66 8.813
  146    7429.15 4.574
  147     619.91 2.169
  148    7692.33 4.216
  149    2073.75 3.363
  150   21303.74 32.528
  151    6009.99 7.428
  152   15163.85 4.656
  153   20751.31 28.234
  154    3485.16 7.602
  155    6181.11 18.288
  156     627.19 3.591
  157   10154.69 14.747
  158    6674.98 4.522
  159     697.40 4.495
  160    9437.93 9.984
  161    2400.16 3.620
  162   13693.76 4.890
  163   26726.06 5.415
  164    7177.48 2.333
  165   26778.68 10.140
  166    1958.88 1.976
  167    1194.78 2.517
  168   12963.49 2.316
  169   11705.38 2.582
  170    1758.86 6.058
  171   23507.46 11.265
  172    2340.93 7.274
  173    8670.19 2.412
  174    1938.79 1.006
  175    3470.98 1.968
  176     845.10 1.249
  177    1437.17 1.692
  178    3655.88 3.787
  179    2371.95 4.316
  180    1743.62 3.345
  181    2376.86 1.613
  182    2922.38 4.711
  183   22836.65 8.221
  184    6265.25 7.998
  185    9683.38 9.898
  186   12854.26 21.663
  187    1805.68 3.939
  188   46128.60 6.384
  189    3106.92 1.047
  190   18940.08 19.946
  191    2257.36 5.434
  192   10366.24 5.783
  193    2015.38 6.017
  194    9297.12 32.811
  195    5141.82 6.735
  196    5688.48 8.080
  197     650.45 1.421
  198    2899.96 5.725
  199    1000.50 2.403
  200    4722.92 6.193
  201   14620.98 1.871
  202   17971.01 11.721
  203   21328.89 17.039
  204    5894.72 2.100
  205    1571.83 14.788
  206    8244.06 1.910
  207    8979.59 8.826
  208    2422.79 2.343
  209    1178.71 0.858
  210   16074.31 25.511
  211    1788.17 2.522
  212   25934.39 10.238
  213    2362.45 7.628
  214    1896.28 2.657
  215   36941.92 11.217
  216    6082.58 1.330
  217   31794.34 5.845
  218    3781.13 4.744
  219    7270.49 4.626
  220    5143.65 1.525
  221     572.22 1.798
  222    7081.29 3.175
  223    7737.11 15.434
  224    5457.81 3.225
  225    4786.50 3.290
  226    1546.62 3.777
  227    4830.74 8.156
  228    5298.60 2.426
  229    8171.12 1.412
  230    1899.09 1.325
  231    7850.94 1.723
  232   34876.74 8.877
  233    6437.80 2.118
  234    3263.72 6.660
  235    6223.60 6.690
  236    5110.85 8.708
  237   10061.88 18.140
  238    9899.94 6.644
  239    2594.27 1.505
  240   24889.13 8.537
  241    4753.64 3.697
  242    2843.55 1.237
  243   13675.30 7.107
  244    6303.41 3.795
  245    4368.23 7.852
  246   16451.59 7.980
  247    7313.81 3.962
  248   14380.90 9.347
  249   11238.64 19.193
  250   48602.29 8.820
  251     817.84 1.058
  252    2301.25 3.941
  253    2165.51 4.435
  254   10409.22 4.474
  255   12799.09 13.029
  256    4336.53 1.883
  257   30147.36 15.241
  258    2016.40 4.462
  259    1823.47 0.903
  260     313.01 1.867
  261    6391.77 6.019
  262   15911.01 14.923
  263   24415.81 12.904
  264    4697.74 1.665
  265   23982.00 12.746
  266    5526.73 4.102
  267   12469.83 8.260
  268    7600.58 7.163
  269    6957.23 7.080
  270     436.30 2.725
  271    4225.00 5.287
  272   20542.53 13.228
  273   14630.67 24.837
  274    5134.99 2.792
  275   31374.94 6.617
  276    3806.34 0.918
  277   15106.04 3.433
  278    4792.29 7.784
  279   23752.20 16.228
  280    2713.92 4.490
  281   17206.75 8.187
  282    6784.60 3.699
  283    1623.86 2.945
  284   19264.15 11.055
  285    2067.24 1.578
  286   20190.90 6.563
  287    9632.07 3.560
  288    4817.29 5.943
  289   10535.37 7.454
  290    1253.25 0.836
  291    6784.92 8.060
  292   27604.40 34.713
  293    6077.24 3.000
  294   19321.89 17.197
  295    1972.56 5.498
  296    4168.92 6.513
  297   17389.89 8.856
  298    8889.94 9.760
  299    1027.07 1.123
  300    8651.28 5.389
  301   11216.01 5.306
  302    2097.06 3.393
  303   52848.76 16.351
  304   13479.37 14.608
  305    2322.25 3.905
  306   16981.72 7.667
  307   12102.68 2.457
  308   17125.88 12.391
  309   25668.11 17.673
  310    2894.20 1.701
  311    1655.48 3.419
  312    1732.34 1.580
  313    3242.35 1.625
  314   21467.37 4.453
  315    2365.48 2.022
  316    1756.61 3.440
  317   31784.01 7.148
  318    3571.39 3.939
  319   37306.38 6.378
  320    4531.48 3.579
  321    1334.41 2.217
  322   10395.97 7.075
  323   22715.18 2.870
  324    2473.51 1.712
  325    1910.20 3.787
  326     812.54 3.372
  327    4810.56 6.245
  328    8695.76 28.254
  329    1199.93 1.505
  330   51971.29 20.513
  331    2287.97 11.187
  332     758.67 3.343
  333      43.73 0.645
  334   16526.17 7.715
  335    1001.45 5.940
  336    2012.02 3.454
  337     822.87 3.734
  338    4904.91 2.038
  339   11867.08 15.041
  340    4670.86 1.902
  341    9371.16 8.037
  342    1528.80 5.942
  343    3131.60 2.548
  344    5897.57 1.976
  345    3538.05 1.093
  346    6225.79 16.056
  347   12588.73 5.663
  348   22114.17 17.945
  349   17812.55 25.493
  350    4874.18 0.903
  351     538.37 1.262
  352   25046.98 11.342
  353    5150.19 1.391
  354   27886.12 14.844
  355    2557.61 2.430
  356   18382.79 4.605
  357   16289.81 25.344
  358    9358.67 12.359
  359    1014.28 0.677
  360    2409.40 0.768
  361   11864.81 6.000
  362    3821.71 3.851
  363    4677.41 1.071
  364      93.74 0.786
  365    2443.64 1.564
  366    3167.97 4.166
  367   21122.42 21.950
  368    8885.79 12.262
  369    1813.84 6.372
  370    5114.83 1.323
  371     791.13 3.786
  372    2669.24 2.836
  373   15686.92 4.251
  374    3116.86 2.883
  375     574.86 4.814
  376    1121.28 3.141
  377    7030.76 2.448
  378    2327.68 6.451
  379   17918.19 15.036
  380   21512.76 11.142
  381    3556.68 1.747
  382    1083.20 4.871
  383    6054.68 2.244
  384    4252.79 1.308
  385    1830.25 4.723
  386    1688.00 2.950
  387    2331.01 9.703
  388    7378.45 2.770
  389    5035.72 6.132
  390   15705.29 8.626
  391    8789.17 1.691
  392    2514.70 4.106
  393     514.29 2.063
  394   47092.45 21.254
  395    1982.59 0.651
  396   19538.32 8.498
  397    5421.89 7.452
  398   28672.28 12.119
  399   31660.06 8.778
  400   15127.14 12.817
  401    9406.52 4.505
  402    2924.75 3.780
  403     683.79 1.760
  404    3144.29 2.991
  405    2085.71 0.824
  406    6717.36 6.634
  407    4129.53 1.300
  408    2034.33 8.697
  409   12470.90 29.350
  410    8239.99 3.905
  411    1819.30 1.994
  412    6681.33 4.307
  413    5048.43 6.099
  414   13122.85 4.202
  415   14581.64 1.473
  416    1919.41 3.466
  417   40592.49 34.884
  418    5228.31 5.292
  419   27012.07 11.357
  420    8330.60 5.242
  421   28054.25 13.805
  422    1454.61 1.116
  423    4391.48 3.575
  424     398.37 0.733
  425    5109.55 5.611
  426    3777.52 1.948
  427    2351.89 4.424
  428    6826.64 4.920
  429   23953.58 8.893
  430    5632.02 3.532
  431   12849.77 6.889
  432    3095.64 4.740
  433   40452.62 7.900
  434    1325.18 0.765
  435    1670.69 1.063
  436    1053.62 2.918
  437   10031.46 3.220
  438    3416.66 1.800
  439   21657.63 10.129
  440   10204.92 14.117
  441    7169.40 11.069
  442   13167.72 12.074
  443    5691.46 1.587
  444   13185.66 6.242
  445    2600.48 0.607
  446   56527.21 5.684
  447    2324.94 2.190
  448    7386.23 14.817
  449    1574.72 1.096
  450   14184.57 5.411
  451    5066.53 5.041
  452    1975.25 2.276
  453    4251.37 1.382
  454    4810.70 2.111
  455    1706.10 1.232
  456   22472.44 10.706
  457    5165.28 1.384
  458   21024.11 10.383
  459   29994.42 11.591
  460    3040.40 2.608
  461   13978.52 13.525
  462    6196.69 1.133
  463    6458.56 2.729
  464   18806.91 3.142
  465    1989.59 1.382
  466   18501.38 18.739
  467    3104.62 2.076
  468    6655.38 7.551
  469    2930.27 3.062
  470   10411.03 2.729
  471   17303.91 14.512
  472    2767.93 1.476
  473   21943.98 2.384
  474   13215.13 8.270
  475   12710.19 3.454
  476   37606.09 11.717
  477     532.91 0.671
  478    2736.45 4.005
  479    6762.01 12.690
  480    6069.34 3.129
  481   10711.76 5.886
  482    3627.63 0.867
  483   12704.19 13.024
  484    3403.96 3.570
  485    5245.44 3.300
  486    2418.62 3.582
  487    2772.58 2.583
  488   13570.36 21.120
  489    1570.51 2.961
  490    4739.04 5.903
  491    7285.27 7.673
  492    4681.88 9.792
  493     319.78 0.931
  494   11892.95 5.748
  495    4569.05 0.726
  496   11008.76 19.985
  497    5614.30 5.892
  498    4090.62 0.985
  499    2804.80 3.754
