    1     626.58 0.437
    2    1064.50 0.929
    3     353.44 1.366
    4    8565.49 14.487
    5   16426.16 18.778
    6    1545.16 3.173
    7   38150.11 18.959
    8     739.21 1.141
    9    9826.21 8.400
   10    7183.82 7.650
   11   12801.41 18.875
   12    9196.46 19.440
   13    5641.94 15.505
   14    1115.43 2.482
   15    8360.49 10.358
   16    4985.95 6.884
   17   37914.91 20.862
   18   21446.49 19.080
   19   15383.80 11.128
   20    4246.97 6.945
   21   21731.22 13.156
   22    2153.22 7.858
   23   19602.63 17.220
   24    2926.56 2.890
   25    1009.81 1.678
   26     242.09 0.392
   27     863.95 1.426
   28   11688.30 19.730
   29    1868.33 1.922
   30   20797.24 19.270
   31    1865.15 5.407
   32    5005.46 5.075
   33    6011.97 5.059
   34   14740.83 18.468
   35    6297.60 17.472
   36   27142.43 19.676
   37    1773.59 3.145
   38    2553.56 13.088
   39   15796.09 15.906
   40   10576.64 16.730
   41   19009.98 19.459
   42   12459.07 13.828
   43     253.62 0.777
   44     440.33 0.842
   45    1360.60 1.137
   46   17179.06 18.667
   47   57569.84 19.820
   48   35530.59 19.657
   49     525.92 0.763
   50    8632.23 5.053
   51    2409.80 5.703
   52   14781.62 19.690
   53    8651.00 14.897
   54    1584.95 1.014
   55    1781.33 1.334
   56    2572.54 3.690
   57    4307.07 4.810
   58   16006.32 17.358
   59    2611.61 2.646
   60    2110.42 3.777
   61   12265.37 19.702
   62    3760.03 3.106
   63   26483.56 20.179
   64    6470.19 4.978
   65    8507.48 18.654
   66    9663.63 10.413
   67   15470.85 19.140
   68    1132.63 1.368
   69    3561.11 4.534
   70    2071.66 1.709
   71    7573.46 18.822
   72    7683.24 13.048
   73    7147.16 7.818
   74   11868.93 18.987
   75    4019.56 19.546
   76    1730.99 2.532
   77    1442.93 1.344
   78    8328.74 19.531
   79    1399.82 1.237
   80     829.63 1.658
   81    1092.48 1.690
   82    2046.39 2.883
   83   16162.37 19.345
   84    2009.79 17.022
   85    9223.33 5.398
   86    7908.32 3.406
   87     564.91 1.769
   88   18629.87 19.847
   89    1575.70 2.728
   90   31550.49 19.794
   91    1811.12 8.152
   92    3862.50 10.306
   93    6475.53 13.931
   94    5964.73 8.024
   95    1251.14 0.961
   96   16422.01 15.389
   97    3190.74 4.236
   98   21261.50 18.600
   99    8870.19 10.425
  100   10653.84 15.863
  101   27443.91 19.209
  102   20300.27 12.755
  103   11506.89 19.133
  104    2562.19 2.131
  105   16812.51 18.809
  106     778.44 0.851
  107     284.52 1.146
  108     857.01 4.196
  109     729.19 2.454
  110    3818.87 16.263
  111   23426.74 19.041
  112    2152.57 18.902
  113    4120.00 20.156
  114    7759.45 3.952
  115   31281.19 18.907
  116     904.24 3.640
  117   12346.74 10.390
  118   18907.19 10.650
  119    6080.09 9.554
  120    2678.28 5.137
  121   15729.08 19.891
  122    1707.69 3.857
  123     969.81 6.535
  124   16617.31 12.409
  125    5920.07 8.933
  126    6751.98 4.665
  127    5746.58 9.274
  128    1287.82 2.889
  129    8176.14 11.781
  130    3309.42 1.996
  131   12416.61 19.943
  132    7834.36 5.340
  133   11251.21 11.472
  134    3302.90 2.198
  135   11748.97 19.128
  136     248.93 2.201
  137    1063.93 0.746
  138    3752.51 2.618
  139     662.89 1.115
  140    6710.03 18.890
  141   23118.23 16.264
  142   14013.63 19.253
  143    6116.96 18.745
  144    8640.32 18.551
  145    6911.89 7.976
  146    7219.80 4.412
  147     689.10 3.464
  148    7519.59 7.277
  149    2119.58 1.880
  150   20757.13 18.611
  151    5779.56 9.695
  152   14727.78 15.750
  153   15593.67 18.982
  154    3314.51 4.167
  155    5982.35 9.784
  156     705.84 2.481
  157    9546.49 13.866
  158    6719.15 5.796
  159     621.29 3.958
  160    9038.42 17.681
  161    2350.97 2.647
  162   14188.64 15.692
  163   26762.61 19.602
  164    6971.26 5.552
  165   26402.40 19.951
  166    1983.46 2.326
  167    1116.64 3.443
  168   11994.49 8.237
  169   11068.34 9.922
  170    1705.45 1.491
  171   23170.46 19.406
  172    2092.83 4.708
  173    8498.34 4.708
  174    1857.62 1.987
  175    3219.63 3.108
  176     838.04 4.659
  177    1435.00 10.855
  178    3342.38 9.219
  179    2791.30 13.082
  180    1712.63 2.936
  181    2437.18 18.738
  182    2910.17 3.564
  183   23425.86 18.976
  184    6625.75 8.340
  185    9963.82 12.719
  186   12953.82 18.687
  187    1963.01 5.063
  188   46502.50 19.241
  189    3087.82 1.929
  190   18401.16 19.215
  191    1876.77 2.585
  192   10834.51 19.367
  193    1991.40 12.667
  194    8343.63 19.650
  195    4934.71 9.918
  196    5442.03 5.293
  197     571.69 0.745
  198    2949.73 10.503
  199     965.05 1.885
  200    4642.69 12.782
  201   13510.86 10.713
  202   17228.47 19.714
  203   20275.20 19.041
  204    5902.16 5.402
  205    1509.95 12.276
  206    7642.03 4.406
  207    8929.69 8.519
  208    2312.53 12.703
  209    1054.77 1.129
  210   15631.05 18.871
  211    1693.52 3.457
  212   26197.93 19.567
  213    1966.32 18.763
  214    1855.79 4.533
  215   36178.10 20.369
  216    5839.39 3.425
  217   31279.45 20.221
  218    3654.12 3.077
  219    5683.64 19.311
  220    4899.15 6.493
  221     591.72 1.723
  222    7163.26 3.837
  223    8094.92 11.381
  224    5146.22 8.222
  225    4962.76 16.680
  226    1470.34 2.953
  227    4581.36 5.214
  228    5088.65 5.232
  229    7800.85 9.107
  230    1769.51 1.520
  231    7421.77 6.811
  232   34261.20 19.614
  233    6145.07 6.326
  234    3276.59 3.669
  235    6660.08 9.460
  236    4731.18 17.559
  237    8700.98 13.009
  238    9031.25 11.167
  239    2455.19 2.279
  240   24011.72 19.879
  241    4862.58 10.131
  242    2693.15 3.964
  243   13022.89 18.685
  244    6172.90 5.765
  245    4277.10 8.814
  246   16317.29 7.320
  247    7433.14 13.962
  248   15027.77 19.355
  249   10350.22 19.031
  250   49328.50 20.847
  251     790.38 0.790
  252    2247.71 3.151
  253    2098.80 2.450
  254    9798.33 8.795
  255   12751.61 9.968
  256    4288.97 4.124
  257   24999.52 20.134
  258    1847.31 3.116
  259    1904.12 1.587
  260     370.00 1.065
  261    6510.32 6.612
  262   15016.74 19.056
  263   13037.62 20.716
  264    4382.24 3.526
  265   18350.85 18.923
  266    5800.84 3.917
  267   12296.99 8.940
  268    7293.90 7.993
  269    7988.73 18.481
  270     446.01 1.882
  271    3609.97 14.205
  272   21547.71 18.841
  273   12506.22 20.681
  274    4750.62 13.518
  275   31839.93 19.077
  276    3360.40 3.541
  277   14986.53 8.177
  278    4536.24 6.374
  279   24654.29 18.831
  280    2841.97 5.472
  281   17143.23 11.987
  282    6500.07 13.496
  283    1572.61 3.060
  284   20351.70 19.242
  285    1974.75 2.516
  286   18836.75 18.578
  287    9420.35 6.667
  288    4925.97 3.519
  289   10507.48 17.644
  290    1221.09 0.836
  291    6820.01 7.425
  292   29499.93 19.342
  293    5657.29 9.991
  294   18447.64 17.424
  295    1571.27 3.028
  296    4490.50 9.802
  297   16387.32 20.429
  298    9652.79 15.627
  299     932.70 1.533
  300    9178.67 19.123
  301   10520.54 19.227
  302    2104.59 19.805
  303   48737.90 19.263
  304   13628.64 8.462
  305    2231.02 2.882
  306   16465.93 19.132
  307   12074.93 10.755
  308   17266.61 5.330
  309   24881.25 21.830
  310    2942.82 2.530
  311    1705.45 1.385
  312    1813.84 2.439
  313    3262.19 4.014
  314   21220.52 18.929
  315    2525.41 7.916
  316    1664.63 5.380
  317   31449.00 19.692
  318    3580.76 4.177
  319   36525.92 19.904
  320    4434.20 8.544
  321    1181.77 10.219
  322   10026.87 5.165
  323   20336.05 18.985
  324    2473.17 3.783
  325    1788.21 13.700
  326     896.76 8.033
  327    4391.20 15.007
  328    8694.62 18.719
  329    1344.50 10.146
  330   55096.15 20.472
  331    2265.00 11.155
  332     784.30 3.421
  333      43.32 0.362
  334   16956.97 19.473
  335     989.34 3.192
  336    1910.75 4.994
  337     786.59 2.816
  338    4639.94 4.125
  339    9932.98 19.041
  340    4411.89 6.918
  341    7624.59 5.185
  342    1459.32 4.122
  343    3307.42 4.153
  344    5677.62 3.051
  345    3320.50 2.937
  346    6178.32 19.233
  347   13047.08 9.232
  348   21516.86 13.894
  349    8309.45 18.797
  350    4517.77 3.569
  351     469.52 1.080
  352   27036.84 20.583
  353    4829.99 4.608
  354   26135.11 19.128
  355    2501.43 3.156
  356   18337.38 18.396
  357   14086.50 19.920
  358    8554.06 10.259
  359     945.37 1.406
  360    2373.48 1.989
  361   11726.72 19.784
  362    3522.78 19.041
  363    4230.37 5.095
  364      97.93 0.458
  365    2327.04 2.880
  366    2931.52 4.728
  367   22090.79 16.126
  368    9380.61 14.786
  369    2060.22 3.831
  370    4909.75 5.288
  371     783.85 1.297
  372    2509.10 4.282
  373   15700.82 18.791
  374    2949.73 4.513
  375     540.15 5.923
  376    1012.62 4.531
  377    6686.77 6.992
  378    2272.26 9.251
  379   15802.04 19.116
  380   20846.89 18.901
  381    3730.29 4.364
  382    1170.32 3.623
  383    5839.55 5.839
  384    4111.01 2.917
  385    1581.77 19.200
  386    1630.83 3.753
  387    2612.25 18.884
  388    6826.47 11.382
  389    4702.54 19.151
  390   15409.38 14.976
  391    8448.44 4.579
  392    2514.61 2.526
  393     491.23 1.191
  394   47897.44 19.173
  395    1865.15 1.506
  396   18335.32 19.530
  397    5045.54 5.307
  398   27791.94 19.868
  399   32463.13 20.021
  400   14223.91 19.127
  401    9101.74 7.071
  402    2885.28 2.085
  403     657.08 1.739
  404    3078.65 4.681
  405    1948.33 1.815
  406    6508.76 10.114
  407    3933.43 2.429
  408    1883.08 7.121
  409   11991.91 20.522
  410    8169.95 8.869
  411    1650.92 1.912
  412    6378.74 10.765
  413    5066.64 19.241
  414   13369.91 13.477
  415   13369.11 12.652
  416    2009.07 19.283
  417   34791.17 18.945
  418    4932.51 8.727
  419   29285.07 20.357
  420    7814.20 15.117
  421   25043.61 18.694
  422    1314.29 1.201
  423    4520.37 4.868
  424     397.73 0.341
  425    4805.43 8.555
  426    3564.39 5.820
  427    2302.40 4.308
  428    6794.84 5.731
  429   23018.97 9.779
  430    5530.22 9.092
  431   12819.12 18.744
  432    3147.30 2.598
  433   41194.41 20.316
  434    1183.17 1.977
  435    1571.27 2.327
  436    1029.89 1.812
  437    9689.40 7.434
  438    3135.63 8.798
  439   21747.87 13.448
  440   10053.91 18.729
  441    6898.36 18.720
  442   13400.00 16.239
  443    5851.31 3.800
  444   12856.07 11.124
  445    2409.80 2.122
  446   57920.18 18.506
  447    2413.20 11.677
  448    7053.38 15.488
  449    1522.48 1.390
  450   15000.42 10.556
  451    4812.34 6.294
  452    1949.42 5.132
  453    4126.39 3.397
  454    4593.78 5.006
  455    1589.13 2.199
  456   21938.46 18.682
  457    5057.60 4.141
  458   21793.30 13.254
  459   26786.01 19.839
  460    3013.34 3.476
  461   12974.00 14.374
  462    6085.35 2.371
  463    6285.55 8.013
  464   17504.43 16.468
  465    1924.20 1.509
  466   17053.50 18.674
  467    3369.79 4.903
  468    6112.65 9.779
  469    2924.12 19.058
  470   10968.10 8.974
  471   17900.41 10.868
  472    2776.98 1.789
  473   21015.59 7.128
  474   13157.43 7.352
  475   12315.08 11.593
  476   22725.51 20.239
  477     562.69 0.736
  478    2802.07 3.117
  479    7332.03 19.819
  480    5991.54 6.102
  481    9350.52 20.285
  482    3353.48 3.035
  483   12354.01 12.773
  484    3274.38 2.023
  485    5053.25 7.224
  486    2406.52 6.068
  487    2922.76 1.340
  488   13090.46 19.013
  489    1433.84 5.765
  490    4462.10 3.545
  491    7106.62 18.738
  492    4383.30 7.006
  493     373.56 0.526
  494   11705.62 8.831
  495    4576.10 1.964
  496   10748.66 18.849
  497    5231.08 10.698
  498    3954.64 5.413
  499    2676.33 18.844
